0 0 0
1 20 0
2 40 0
3 60 0
4 80 0
5 100 0
6 120 0
7 140 0
8 160 0
9 180 0
10 200 0
11 220 0
12 240 0
13 260 0
14 280 0
15 0 20
16 20 20
17 40 20
18 60 20
19 80 20
20 100 20
21 120 20
22 140 20
23 160 20
24 180 20
25 200 20
26 220 20
27 240 20
28 260 20
29 280 20
30 0 40
31 20 40
32 40 40
33 60 40
34 80 40
35 100 40
36 120 40
37 140 40
38 160 40
39 180 40
40 200 40
41 220 40
42 240 40
43 260 40
44 280 40
45 0 60
46 20 60
47 40 60
48 60 60
49 80 60
50 100 60
51 120 60
52 140 60
53 160 60
54 180 60
55 200 60
56 220 60
57 240 60
58 260 60
59 280 60
60 0 80
61 20 80
62 40 80
63 60 80
64 80 80
65 100 80
66 120 80
67 140 80
68 160 80
69 180 80
70 200 80
71 220 80
72 240 80
73 260 80
74 280 80
75 0 100
76 20 100
77 40 100
78 60 100
79 80 100
80 100 100
81 120 100
82 140 100
83 160 100
84 180 100
85 200 100
86 220 100
87 240 100
88 260 100
89 280 100
90 0 120
91 20 120
92 40 120
93 60 120
94 80 120
95 100 120
96 120 120
97 140 120
98 160 120
99 180 120
100 200 120
101 220 120
102 240 120
103 260 120
104 280 120
105 0 140
106 20 140
107 40 140
108 60 140
109 80 140
110 100 140
111 120 140
112 140 140
113 160 140
114 180 140
115 200 140
116 220 140
117 240 140
118 260 140
119 280 140
120 0 160
121 20 160
122 40 160
123 60 160
124 80 160
125 100 160
126 120 160
127 140 160
128 160 160
129 180 160
130 200 160
131 220 160
132 240 160
133 260 160
134 280 160
135 0 180
136 20 180
137 40 180
138 60 180
139 80 180
140 100 180
141 120 180
142 140 180
143 160 180
144 180 180
145 200 180
146 220 180
147 240 180
148 260 180
149 280 180
150 0 200
151 20 200
152 40 200
153 60 200
154 80 200
155 100 200
156 120 200
157 140 200
158 160 200
159 180 200
160 200 200
161 220 200
162 240 200
163 260 200
164 280 200
165 0 220
166 20 220
167 40 220
168 60 220
169 80 220
170 100 220
171 120 220
172 140 220
173 160 220
174 180 220
175 200 220
176 220 220
177 240 220
178 260 220
179 280 220
180 0 240
181 20 240
182 40 240
183 60 240
184 80 240
185 100 240
186 120 240
187 140 240
188 160 240
189 180 240
190 200 240
191 220 240
192 240 240
193 260 240
194 280 240
195 0 260
196 20 260
197 40 260
198 60 260
199 80 260
200 100 260
201 120 260
202 140 260
203 160 260
204 180 260
205 200 260
206 220 260
207 240 260
208 260 260
209 280 260
210 0 280
211 20 280
212 40 280
213 60 280
214 80 280
215 100 280
216 120 280
217 140 280
218 160 280
219 180 280
220 200 280
221 220 280
222 240 280
223 260 280
224 280 280
